F_pop,1,-0.615032,0.558403,0.526849,0.124424,-0.0864197,0.211393,0.805389,0.486372,0.601545,0.134546,-0.154774,-0.226356,0.114982,0.388473,0.355369,0.110595,nan,-0.162555
ka_pop,-0.615032,1,-0.853424,-0.401783,0.0387702,-0.208517,0.0962231,-0.529137,-0.333191,-0.29759,-0.21204,0.106285,-0.0550434,0.226037,-0.25586,-0.278636,-0.311501,nan,0.143075
beta_ka_SEX_1,0.558403,-0.853424,1,0.228673,-0.0707255,0.220192,-0.168224,0.467262,0.36249,0.196066,0.145782,-0.071363,0.184648,-0.227794,0.154995,0.168477,0.267212,nan,-0.166529
V_pop,0.526849,-0.401783,0.228673,1,0.410991,0.0194451,0.128577,0.216943,0.011772,0.141597,0.0608799,-0.0545573,0.0476947,-0.165311,0.219222,0.0329934,0.106935,nan,-0.0383344
beta_V_logtWT,0.124424,0.0387702,-0.0707255,0.410991,1,-0.46878,0.486163,0.111943,0.0147715,0.20299,0.145479,-0.0527945,-0.0134463,0.0286316,0.114339,0.0552211,0.0152864,nan,0.00698531
Cl_pop,-0.0864197,-0.208517,0.220192,0.0194451,-0.46878,1,-0.978361,-0.289309,-0.248395,-0.421215,-0.0943299,0.093651,0.359785,-0.483277,-0.13187,-0.189959,0.226484,nan,0.0070257
beta_Cl_WT,0.211393,0.0962231,-0.168224,0.128577,0.486163,-0.978361,1,0.368496,0.279153,0.484729,0.111256,-0.104329,-0.395822,0.485508,0.189936,0.233806,-0.208031,nan,-0.0216593
omega_F,0.805389,-0.529137,0.467262,0.216943,0.111943,-0.289309,0.368496,1,0.675574,0.856701,0.20631,-0.215218,-0.389987,0.415555,0.427269,0.490229,0.0241054,nan,-0.165187
corr_ka_F,0.486372,-0.333191,0.36249,0.011772,0.0147715,-0.248395,0.279153,0.675574,1,0.460001,-0.346301,-0.25927,-0.0152139,0.618141,-0.114141,0.0567455,-0.387982,nan,-0.0968056
corr_V_F,0.601545,-0.29759,0.196066,0.141597,0.20299,-0.421215,0.484729,0.856701,0.460001,1,0.316202,-0.126094,-0.572223,0.477259,0.569663,0.582235,0.0268712,nan,-0.138182
corr_F_Cl,0.134546,-0.21204,0.145782,0.0608799,0.145479,-0.0943299,0.111256,0.20631,-0.346301,0.316202,1,0.104662,-0.18113,-0.232902,0.46713,0.513331,0.598276,nan,-0.0667247
omega_ka,-0.154774,0.106285,-0.071363,-0.0545573,-0.0527945,0.093651,-0.104329,-0.215218,-0.25927,-0.126094,0.104662,1,-0.100539,-0.303365,0.225588,0.208097,0.483412,nan,-0.0569905
corr_ka_V,-0.226356,-0.0550434,0.184648,0.0476947,-0.0134463,0.359785,-0.395822,-0.389987,-0.0152139,-0.572223,-0.18113,-0.100539,1,-0.336655,-0.580566,-0.642356,-0.109857,nan,0.0695891
corr_ka_Cl,0.114982,0.226037,-0.227794,-0.165311,0.0286316,-0.483277,0.485508,0.415555,0.618141,0.477259,-0.232902,-0.303365,-0.336655,1,-0.137596,0.0103694,-0.648406,nan,0.00533998
omega_V,0.388473,-0.25586,0.154995,0.219222,0.114339,-0.13187,0.189936,0.427269,-0.114141,0.569663,0.46713,0.225588,-0.580566,-0.137596,1,0.696673,0.535444,nan,-0.143726
corr_V_Cl,0.355369,-0.278636,0.168477,0.0329934,0.0552211,-0.189959,0.233806,0.490229,0.0567455,0.582235,0.513331,0.208097,-0.642356,0.0103694,0.696673,1,0.525287,nan,-0.112824
omega_Cl,0.110595,-0.311501,0.267212,0.106935,0.0152864,0.226484,-0.208031,0.0241054,-0.387982,0.0268712,0.598276,0.483412,-0.109857,-0.648406,0.535444,0.525287,1,nan,-0.088561
a,nan,nan,nan,nan,nan,nan,nan,nan,nan,nan,nan,nan,nan,nan,nan,nan,nan,nan,nan
b,-0.162555,0.143075,-0.166529,-0.0383344,0.00698531,0.0070257,-0.0216593,-0.165187,-0.0968056,-0.138182,-0.0667247,-0.0569905,0.0695891,0.00533998,-0.143726,-0.112824,-0.088561,nan,1
